1.4205940999090672 Test loss (%)
99.55400824546814 Test accuracy (%)

99.49158729767178 Kappa accuracy (%)
99.55400696864112 Overall accuracy (%)
99.28824644481412 Average accuracy (%)

                              precision    recall  f1-score   support

                     Alfalfa       1.00      1.00      1.00        32
                 Corn-notill       1.00      0.98      0.99      1000
                Corn-mintill       0.99      0.99      0.99       581
                        Corn       0.99      1.00      1.00       166
               Grass-pasture       0.99      1.00      0.99       338
                 Grass-trees       0.99      1.00      0.99       511
         Grass-pasture-mowed       1.00      1.00      1.00        20
               Hay-windrowed       1.00      1.00      1.00       335
                        Oats       1.00      0.93      0.96        14
              Soybean-notill       0.99      1.00      0.99       680
             Soybean-mintill       1.00      1.00      1.00      1719
               Soybean-clean       1.00      0.99      1.00       415
                       Wheat       1.00      1.00      1.00       143
                       Woods       1.00      1.00      1.00       886
Buildings-Grass-Trees-Drives       1.00      1.00      1.00       270
          Stone-Steel-Towers       0.98      1.00      0.99        65

                    accuracy                           1.00      7175
                   macro avg       1.00      0.99      0.99      7175
                weighted avg       1.00      1.00      1.00      7175

[[  32    0    0    0    0    0    0    0    0    0    0    0    0    0
     0    0]
 [   0  985    2    0    0    2    0    0    0    7    3    0    0    1
     0    0]
 [   0    0  577    1    3    0    0    0    0    0    0    0    0    0
     0    0]
 [   0    0    0  166    0    0    0    0    0    0    0    0    0    0
     0    0]
 [   0    0    0    0  338    0    0    0    0    0    0    0    0    0
     0    0]
 [   0    0    0    0    0  510    0    0    0    0    1    0    0    0
     0    0]
 [   0    0    0    0    0    0   20    0    0    0    0    0    0    0
     0    0]
 [   0    0    0    0    0    0    0  335    0    0    0    0    0    0
     0    0]
 [   0    0    1    0    0    0    0    0   13    0    0    0    0    0
     0    0]
 [   0    1    0    0    1    0    0    0    0  678    0    0    0    0
     0    0]
 [   0    0    0    0    0    4    0    0    0    0 1715    0    0    0
     0    0]
 [   0    0    3    0    0    0    0    0    0    0    0  411    0    0
     0    1]
 [   0    0    0    0    0    0    0    0    0    0    0    0  143    0
     0    0]
 [   0    0    0    0    0    0    0    0    0    0    0    0    0  886
     0    0]
 [   0    0    0    0    1    0    0    0    0    0    0    0    0    0
   269    0]
 [   0    0    0    0    0    0    0    0    0    0    0    0    0    0
     0   65]]