1.1395744979381561 Test loss (%)
99.6621955871582 Test accuracy (%)

99.64380332788222 Kappa accuracy (%)
99.71219512195122 Overall accuracy (%)
99.50896312853405 Average accuracy (%)

                              precision    recall  f1-score   support

                     Alfalfa       1.00      1.00      1.00        32
                 Corn-notill       1.00      0.98      0.99      1000
                Corn-mintill       1.00      0.99      0.99       581
                        Corn       1.00      1.00      1.00       166
               Grass-pasture       1.00      0.97      0.99       338
                 Grass-trees       0.99      1.00      0.99       511
         Grass-pasture-mowed       1.00      1.00      1.00        20
               Hay-windrowed       1.00      1.00      1.00       335
                        Oats       0.81      0.93      0.87        14
              Soybean-notill       1.00      1.00      1.00       680
             Soybean-mintill       0.99      1.00      1.00      1719
               Soybean-clean       1.00      1.00      1.00       415
                       Wheat       0.97      1.00      0.98       143
                       Woods       1.00      1.00      1.00       886
Buildings-Grass-Trees-Drives       1.00      1.00      1.00       270
          Stone-Steel-Towers       0.98      1.00      0.99        65

                    accuracy                           1.00      7175
                   macro avg       0.98      0.99      0.99      7175
                weighted avg       1.00      1.00      1.00      7175

[[  32    0    0    0    0    0    0    0    0    0    0    0    0    0
     0    0]
 [   0  984    1    0    0    4    0    0    0    1    9    0    0    1
     0    0]
 [   0    0  577    0    0    0    0    0    3    0    0    1    0    0
     0    0]
 [   0    0    0  166    0    0    0    0    0    0    0    0    0    0
     0    0]
 [   0    0    0    0  329    0    0    0    0    0    4    0    5    0
     0    0]
 [   0    0    0    0    0  511    0    0    0    0    0    0    0    0
     0    0]
 [   0    0    0    0    0    0   20    0    0    0    0    0    0    0
     0    0]
 [   0    0    0    0    0    0    0  335    0    0    0    0    0    0
     0    0]
 [   0    0    1    0    0    0    0    0   13    0    0    0    0    0
     0    0]
 [   0    1    0    0    0    0    0    0    0  679    0    0    0    0
     0    0]
 [   0    1    0    0    0    2    0    0    0    0 1716    0    0    0
     0    0]
 [   0    0    0    0    0    0    0    0    0    0    0  414    0    0
     0    1]
 [   0    0    0    0    0    0    0    0    0    0    0    0  143    0
     0    0]
 [   0    0    0    0    0    0    0    0    0    0    0    0    0  886
     0    0]
 [   0    0    0    0    0    0    0    0    0    0    0    0    0    0
   270    0]
 [   0    0    0    0    0    0    0    0    0    0    0    0    0    0
     0   65]]