1.1049236059188843 Test loss (%)
99.68794381141663 Test accuracy (%)

99.59752468188652 Kappa accuracy (%)
99.69794425087108 Overall accuracy (%)
99.54463563107985 Average accuracy (%)

                              precision    recall  f1-score   support

                     Alfalfa       0.97      1.00      0.98        32
                 Corn-notill       1.00      1.00      1.00      1000
                Corn-mintill       1.00      0.99      0.99       581
                        Corn       0.99      1.00      0.99       166
               Grass-pasture       0.99      1.00      0.99       338
                 Grass-trees       0.99      1.00      0.99       511
         Grass-pasture-mowed       1.00      0.95      0.97        20
               Hay-windrowed       1.00      1.00      1.00       335
                        Oats       0.78      1.00      0.88        14
              Soybean-notill       1.00      0.99      1.00       680
             Soybean-mintill       1.00      0.99      1.00      1719
               Soybean-clean       1.00      0.99      0.99       415
                       Wheat       0.99      1.00      1.00       143
                       Woods       1.00      1.00      1.00       886
Buildings-Grass-Trees-Drives       1.00      1.00      1.00       270
          Stone-Steel-Towers       0.97      0.98      0.98        65

                    accuracy                           1.00      7175
                   macro avg       0.98      0.99      0.99      7175
                weighted avg       1.00      1.00      1.00      7175

[[  32    0    0    0    0    0    0    0    0    0    0    0    0    0
     0    0]
 [   1  998    0    0    0    0    0    0    0    0    1    0    0    0
     0    0]
 [   0    1  574    1    2    0    0    0    3    0    0    0    0    0
     0    0]
 [   0    0    0  166    0    0    0    0    0    0    0    0    0    0
     0    0]
 [   0    0    0    0  337    0    0    0    0    0    0    0    1    0
     0    0]
 [   0    0    0    0    0  511    0    0    0    0    0    0    0    0
     0    0]
 [   0    0    0    0    1    0   19    0    0    0    0    0    0    0
     0    0]
 [   0    0    0    0    0    0    0  335    0    0    0    0    0    0
     0    0]
 [   0    0    0    0    0    0    0    0   14    0    0    0    0    0
     0    0]
 [   0    0    0    0    0    0    0    0    0  676    4    0    0    0
     0    0]
 [   0    3    0    0    0    6    0    0    0    0 1709    0    0    0
     1    0]
 [   0    0    0    1    0    0    0    0    1    0    0  411    0    0
     0    2]
 [   0    0    0    0    0    0    0    0    0    0    0    0  143    0
     0    0]
 [   0    0    0    0    0    0    0    1    0    0    0    0    0  885
     0    0]
 [   0    0    0    0    0    0    0    0    0    0    0    0    0    0
   270    0]
 [   0    0    0    0    0    0    0    0    0    0    0    1    0    0
     0   64]]