0.8673974312841892 Test loss (%)
99.73519444465637 Test accuracy (%)

99.69811117356926 Kappa accuracy (%)
99.73519163763066 Overall accuracy (%)
99.7224564464251 Average accuracy (%)

                              precision    recall  f1-score   support

                     Alfalfa       1.00      1.00      1.00        32
                 Corn-notill       1.00      1.00      1.00      1000
                Corn-mintill       1.00      0.98      0.99       581
                        Corn       1.00      1.00      1.00       166
               Grass-pasture       1.00      1.00      1.00       338
                 Grass-trees       1.00      1.00      1.00       511
         Grass-pasture-mowed       1.00      1.00      1.00        20
               Hay-windrowed       1.00      1.00      1.00       335
                        Oats       0.67      1.00      0.80        14
              Soybean-notill       1.00      1.00      1.00       680
             Soybean-mintill       1.00      1.00      1.00      1719
               Soybean-clean       1.00      0.99      0.99       415
                       Wheat       1.00      1.00      1.00       143
                       Woods       1.00      1.00      1.00       886
Buildings-Grass-Trees-Drives       1.00      1.00      1.00       270
          Stone-Steel-Towers       0.98      0.98      0.98        65

                    accuracy                           1.00      7175
                   macro avg       0.98      1.00      0.99      7175
                weighted avg       1.00      1.00      1.00      7175

[[  32    0    0    0    0    0    0    0    0    0    0    0    0    0
     0    0]
 [   0  996    0    0    0    0    0    0    0    2    1    0    0    0
     1    0]
 [   0    1  571    0    1    0    0    0    7    0    0    1    0    0
     0    0]
 [   0    0    0  166    0    0    0    0    0    0    0    0    0    0
     0    0]
 [   0    0    0    0  338    0    0    0    0    0    0    0    0    0
     0    0]
 [   0    0    0    0    0  511    0    0    0    0    0    0    0    0
     0    0]
 [   0    0    0    0    0    0   20    0    0    0    0    0    0    0
     0    0]
 [   0    0    0    0    0    0    0  335    0    0    0    0    0    0
     0    0]
 [   0    0    0    0    0    0    0    0   14    0    0    0    0    0
     0    0]
 [   0    0    0    0    0    0    0    0    0  680    0    0    0    0
     0    0]
 [   0    0    0    0    0    1    0    0    0    0 1718    0    0    0
     0    0]
 [   0    0    0    0    0    0    0    0    0    0    2  412    0    0
     0    1]
 [   0    0    0    0    0    0    0    0    0    0    0    0  143    0
     0    0]
 [   0    0    0    0    0    0    0    0    0    0    0    0    0  886
     0    0]
 [   0    0    0    0    0    0    0    0    0    0    0    0    0    0
   270    0]
 [   0    0    0    0    0    0    0    0    0    0    0    1    0    0
     0   64]]